image_width: 752
image_height: 480
camera_name: camera #narrow_stereo/left
camera_matrix:
  rows: 3
  cols: 3
  data: [ 
490.9357188684294, 0.0, 350.07794828723416, 0.0, 491.5763384387495, 248.3291434098756, 0.0, 0.0, 1.0
]
distortion_model: plumb_bob
distortion_coefficients:
  rows: 1
  cols: 5
  data: [-0.3842307717168552, 0.10957210672521726, 0.0011630508916650577, -0.001547810701835477, 0.0]
rectification_matrix:
  rows: 3
  cols: 3
  data: [0.99745974143143, 0.006599262536302593, 0.0709261161880582, -0.006534515754539403, 0.9999779944503696, -0.0011448663110995585, -0.07093211069324423, 0.0006784902310037672, 0.9974809147665973]
projection_matrix:
  rows: 3
  cols: 4
  data: [456.0502444439087, 0.0, 297.7078628540039, 0.0, 0.0, 456.0502444439087, 243.39587211608887, 0.0, 0.0, 0.0, 1.0, 0.0]
