image_width: 752
image_height: 480
camera_name: camera #narrow_stereo/right
camera_matrix:
  rows: 3
  cols: 3
  data: [489.79286377989024, 0.0, 354.42027712513027, 0.0, 490.42779995913764, 235.67902610803583, 0.0, 0.0, 1.0]
distortion_model: plumb_bob
distortion_coefficients:
  rows: 1
  cols: 5
  data: [-0.3826811127040151, 0.10932744268509625, 0.0002017626518754332, -0.0017513794152729477, 0.0]
rectification_matrix:
  rows: 3
  cols: 3
  data: [0.998056135473236, 0.007732400597003481, 0.061839796452100755, -0.0077888386481094135, 0.9999694409811659, 0.0006716370510831297, -0.06183271332186151, -0.0011519916762420053, 0.9980858622776071]
projection_matrix:
  rows: 3
  cols: 4
  data: [456.0502444439087, 0.0, 297.7078628540039, -13.625944148812978, 0.0, 456.0502444439087, 243.39587211608887, 0.0, 0.0, 0.0, 1.0, 0.0]
